[-35.76898575   4.07700586   1.08919846   5.02015972   2.204561
   1.91004789   3.12882616]
<class 'numpy.ndarray'>
[-36.30965424   1.47555685   0.92184225   4.26190281   1.97924793
   1.5200026   -3.10200434]
<class 'numpy.ndarray'>
[ 13.32330322 -30.25707054   1.19648767   4.70556688   2.14476275
   1.79328489  -1.66234091]
<class 'numpy.ndarray'>
[-36.58509064 -21.24595451   1.55047977   6.13380003   2.40603471
   2.15586829   3.01571288]
<class 'numpy.ndarray'>
[ 16.24373817 -30.94143867   1.63670486   5.99403      2.62111402
   2.62806487   1.56258221]
<class 'numpy.ndarray'>
[ 9.20141983 33.28271103  0.24308252  5.12819433  2.16596961  1.66009927
  0.18411798]
<class 'numpy.ndarray'>
[ 22.69430923 -17.31458282   0.75217474   4.57083273   2.12159991
   1.80647135   1.51075191]
<class 'numpy.ndarray'>
[-7.24880981 44.79618835  0.20723414  4.50198555  1.99331355  1.65250409
 -2.88739746]
<class 'numpy.ndarray'>
[ 17.48331451 -17.13822556   0.7741342    4.54957914   2.08353615
   1.76937282   1.59937968]
<class 'numpy.ndarray'>
[17.97406769 18.5177536   0.44877568  4.16028118  1.98807847  1.44179654
 -1.60711411]
<class 'numpy.ndarray'>
[ 18.95854378 -30.53123474   1.08485952   4.1168046    1.97593164
   1.59205568  -1.53399971]
<class 'numpy.ndarray'>
[ 55.93395996 -18.01176453   1.44594193   6.12568235   2.61965966
   2.26283765   1.6031157 ]
<class 'numpy.ndarray'>
[ 7.80465889 38.81253052  0.08193272  4.5231719   2.01757836  1.5007261
  0.20336671]
<class 'numpy.ndarray'>
[ 29.9470768  -30.01526833   1.14015371   4.52097464   2.08304358
   1.74413788  -1.61267434]
<class 'numpy.ndarray'>
[ 41.96485901 -30.17822838   1.39899147   5.55049896   2.38688159
   2.32006192  -1.49751375]
<class 'numpy.ndarray'>
[ 6.66214848 44.14058304  0.14190882  4.24286318  1.91386759  1.59094942
  0.2793165 ]
<class 'numpy.ndarray'>
[ 14.76362801 -17.1751442    0.60918462   4.94272566   2.16222572
   1.54624653   1.58482136]
<class 'numpy.ndarray'>
[-14.89908028  67.16278076   0.62613046   6.03697157   2.45105171
   2.25359273  -2.8258292 ]
<class 'numpy.ndarray'>
[  9.11481857 -17.27528572   0.59126079   4.52732229   1.96844745
   1.59893155   1.5604064 ]
<class 'numpy.ndarray'>
[ 24.31903076 -30.4680748    1.04406464   4.41678953   1.99904919
   1.53214407  -1.52859147]